1 -4 0 0.5 0 0 10 10 10 5 -60 10 0 -100 0 0 0 0 0 0 0 -60 30 10 0 100 0 0 0 0 0 0 0 0 0 0 30 0 30 -20 50 -20 40 0 0 0 0 0 0 0 0 20 0 0 0 0 0 -1 -4 0 0 0 0 0 60 30 0 0 0 0 60 -30 50 0 0 60 -30 0 80 0 0 -60 30 0 0 0 0 0 0 0 0 0 0 0 -4 0 0 0 0 0 0 0 
1 -4 0 0.5 0 0 10 10 10 10 -60 10 0 -100 0 0 0 0 0 0 0 -60 30 10 0 100 0 0 0 0 0 0 0 0 0 0 30 0 30 -20 50 -20 40 0 0 0 0 0 0 0 0 20 0 0 0 0 0 -1 -4 0 0 0 0 0 60 30 0 0 0 0 60 -30 50 0 0 60 -30 0 80 0 0 -60 30 0 0 0 0 0 0 0 0 0 0 0 -4 0 5 5 0 0 0 0 
1 -4 0 0.5 0 0 10 10 10 5 -60 10 0 -100 0 0 0 0 0 0 0 -60 30 10 0 100 0 0 0 0 0 0 0 0 0 0 30 0 30 -20 50 -20 40 0 0 0 0 0 0 0 0 20 0 0 0 0 0 -1 -4 0 0 0 0 0 60 30 0 0 0 0 60 -30 10 0 0 60 -30 0 80 0 0 -60 30 0 0 0 0 0 0 0 0 0 0 0 -4 0 -5 -5 0 0 0 0 
1 -3 0 45 0 0 7 12 14 10 -50 20 0 -90 0 0 0 0 0 0 0 -30 10 30 0 70 0 0 0 0 0 0 0 0 0 0 40 0 10 -30 10 -20 10 0 0 0 0 0 0 0 0 10 0 0 0 0 0 -1 -3 0 45 0 0 0 40 10 0 0 0 0 70 -40 20 0 0 50 -10 0 70 0 0 -80 20 0 0 0 0 0 0 0 0 0 0 0 -4 0 0 0 0 -50 0 0 
1 -2 0 90 0 0 7 12 14 5 -50 20 0 -90 0 0 0 0 0 0 0 -30 10 30 0 70 0 0 0 0 0 0 0 0 0 0 40 0 10 -30 10 -20 10 0 0 0 0 0 0 0 0 10 0 0 0 0 0 -1 -2 0 90 0 0 0 40 10 0 0 0 0 70 -40 40 0 0 50 -10 0 70 0 0 -80 20 0 0 0 0 0 0 0 0 0 0 0 -4 0 0 0 0 -100 0 0 
1 -1 0 180 0 0 7 12 14 10 -50 20 0 -90 0 0 0 0 0 0 0 -30 10 30 0 70 0 0 0 0 0 0 0 0 0 0 40 0 10 -30 10 -20 10 0 0 0 0 0 0 0 0 10 0 0 0 0 0 -1 -1 0 180 0 0 0 40 10 0 0 0 0 70 -40 50 0 0 50 -10 0 70 0 0 -80 20 0 0 0 0 0 0 0 0 0 0 0 -4 0 0 0 0 -100 0 0 
1 0 0 270 0 0 7 12 14 5 -50 20 0 -90 0 0 0 0 0 0 0 -30 10 30 0 70 0 0 0 0 0 0 0 0 0 0 40 0 10 -30 10 -20 10 0 0 0 0 0 0 0 0 10 0 0 0 0 0 -1 0 0 270 0 0 0 40 10 0 0 0 0 70 -40 60 0 0 50 -10 0 70 0 0 -80 20 0 0 0 0 0 0 0 0 0 0 0 -4 0 0 0 0 -100 0 0 
1 1 0 360 0 0 7 12 14 10 -50 20 0 -90 0 0 0 0 0 0 0 -30 10 30 0 70 0 0 0 0 0 0 0 0 0 0 40 0 10 -30 10 -20 10 0 0 0 0 0 0 0 0 10 0 0 0 0 0 -1 1 0 360 0 0 0 40 10 0 0 0 0 70 -40 50 0 0 50 -10 0 70 0 0 -80 20 0 0 0 0 0 0 0 0 0 0 0 -4 0 0 0 0 -50 0 0 
1 2 0 360 0 0 7 12 14 5 -50 20 0 -90 0 0 0 0 0 0 0 -30 10 30 0 70 0 0 0 0 0 0 0 0 0 0 20 0 10 -30 10 -20 10 0 0 0 0 0 0 0 0 10 0 0 0 0 0 -1 2 0 360 0 0 0 40 10 0 0 0 0 70 -40 50 0 0 50 -10 0 70 0 0 -80 20 0 0 0 0 0 0 0 0 0 0 0 -4 0 0 0 0 0 0 0 
1 -2.4 0 360 0 0 7 12 14 10 -50 20 0 -90 0 0 0 0 0 0 0 -30 10 30 0 70 0 0 0 0 0 0 0 0 0 0 0 0 10 0 0 0 10 0 0 0 0 0 0 0 0 0 0 0 0 0 0 -1 -2 0 360 0 0 0 40 10 0 0 0 0 70 -40 50 0 0 -50 -10 0 0 0 0 50 0 0 10 0 0 0 0 0 0 0 0 0 -4 0 0 0 0 0 0 0 
1 -2.4 0 360 0 0 10 0 5 5 -60 -20 0 -10 0 0 0 0 0 0 0 -50 20 60 0 20 0 0 0 0 0 0 0 0 0 40 50 0 -5 -30 0 10 10 0 0 0 0 0 -10 0 -10 10 0 0 0 0 0 -1 -2 0 360 0 0 20 -20 50 0 -30 0 0 20 -30 10 0 0 50 -10 20 70 0 0 -50 20 10 20 0 0 0 0 0 0 0 0 0 -4 0 0 0 0 0 0 0 
1 -2.4 0 360 0 10 -10 30 -5 10 -60 20 0 -1 0 0 0 0 0 0 0 -50 20 -20 0 2 0 0 0 0 0 0 0 0 0 40 20 0 5 30 0 5 0 0 0 0 0 0 10 0 5 1 0 0 0 0 0 -1 -2 0 360 0 0 -20 20 -50 0 -3 0 0 -20 30 20 0 0 -50 -5 20 60 0 0 50 10 -10 30 0 0 0 0 0 0 0 0 0 -4 0 0 0 0 0 0 0 
1 -2.4 0 360 10 -10 3 20 10 5 -50 -10 0 -30 0 0 0 0 0 0 0 -10 40 -10 0 50 0 0 0 0 0 0 0 0 0 10 0 0 -5 -50 0 0 10 0 0 0 0 0 50 0 0 0 0 0 0 0 0 -1 -2 0 360 0 0 30 -20 60 0 -10 0 50 -5 -40 40 0 0 50 0 10 20 0 0 -50 5 10 10 0 0 0 0 0 0 0 0 0 -4 0 0 0 0 0 0 0 
1 -2.4 0 360 10 -10 3 20 10 10 -50 -10 0 -30 0 0 0 0 0 0 0 -20 50 -5 0 10 0 0 0 0 0 0 0 0 0 10 50 0 5 50 0 0 0 0 0 0 0 0 -50 0 0 10 0 0 0 0 0 -1 -2 0.000000000000000122464679914735 360 0 0 -10 30 10 0 -30 0 -20 50 50 50 0 0 -50 10 5 10 0 0 50 0 -10 50 0 0 0 0 0 0 0 0 0 -4 0 0 0 0 0 0 0 
0.939692620785908 -2.4 0.342020143325669 360 10 -10 3 20 10 5 -10 -10 0 -30 0 0 0 0 0 0 0 -30 60 0 0 20 0 0 0 0 0 0 0 0 0 10 20 0 -5 -50 0 0 10 0 0 0 0 0 50 0 0 0 0 0 0 0 0 -0.939692620785908 -1.5 -0.342020143325669 315 0 0 20 -10 -30 0 -20 0 30 -20 -50 60 0 0 50 -10 0 50 0 0 -50 20 20 5 0 0 0 0 0 0 0 0 0 -4 0 0 0 0 0 0 0 
0.766044443118978 -2.4 0.642787609686539 360 10 -10 3 20 10 10 -20 -5 0 -15 0 0 0 0 0 0 0 -40 50 5 0 40 0 0 0 0 0 0 0 0 0 10 0 0 5 50 0 10 0 0 0 0 0 0 -50 0 0 10 0 0 0 0 0 -0.766044443118978 -1 -0.642787609686539 270 0 0 -5 20 20 0 -10 0 -10 10 60 50 0 0 -50 -5 5 10 0 0 50 10 20 10 0 0 0 0 0 0 0 0 0 -4 0 0 0 0 0 0 0 
0.5 -2.4 0.866025403784439 360 10 -10 3 20 10 5 -30 0 0 0 0 0 0 0 0 0 0 -50 10 10 0 50 0 0 0 0 0 0 0 0 0 10 50 0 -5 -50 0 5 10 0 0 0 0 0 50 0 0 0 0 0 0 0 0 -0.5 -0.5 -0.866025403784438 225 0 0 50 -5 -40 0 -50 0 20 -20 10 10 0 0 50 0 10 30 0 0 -50 20 20 20 0 0 0 0 0 0 0 0 0 -4 0 0 0 0 0 0 0 
0.17364817766693 -2.4 0.984807753012208 360 10 -10 3 20 10 10 -40 5 0 -15 0 0 0 0 0 0 0 -40 20 10 0 60 0 0 0 0 0 0 0 0 0 10 20 0 5 50 0 0 0 0 0 0 0 0 -50 0 0 10 0 0 0 0 0 -0.17364817766693 0 -0.984807753012208 180 0 0 -20 50 50 0 -10 0 -5 30 -30 30 0 0 -50 10 10 70 0 0 50 10 20 30 0 0 0 0 0 0 0 0 0 -4 0 0 0 0 0 0 0 
-0.17364817766693 -2.4 0.984807753012208 360 10 -10 3 20 10 5 -50 10 0 -30 0 0 0 0 0 0 0 -30 30 10 0 50 0 0 0 0 0 0 0 0 0 10 0 0 -5 -50 0 0 10 0 0 0 0 0 50 0 -10 0 0 0 0 0 0 0.17364817766693 -0.5 -0.984807753012208 135 0 0 30 -20 -50 0 -30 0 50 -10 20 20 0 0 50 -10 10 60 0 0 -50 5 20 10 0 0 0 0 0 0 0 0 0 -4 0 0 0 0 0 0 0 
-0.5 -2.4 0.866025403784439 360 10 -10 3 20 10 10 -60 -10 0 -30 0 0 0 0 0 0 0 -20 30 10 0 50 0 0 0 0 0 0 0 0 0 10 50 0 5 50 0 0 0 0 0 0 0 0 -50 0 5 10 0 0 0 0 0 0.5 -1 -0.866025403784439 90 0 0 -10 10 60 0 -20 0 -20 20 -40 50 0 0 -50 -5 10 20 0 0 50 0 20 50 0 0 0 0 0 0 0 0 0 -4 0 0 0 0 0 0 0 
-0.766044443118978 -2.4 0.642787609686539 360 10 -10 3 20 10 5 -10 -10 0 -30 0 0 0 0 0 0 0 -10 30 10 0 50 0 0 0 0 0 0 0 0 0 10 20 0 -5 -50 0 0 10 0 0 0 0 0 50 0 0 0 0 0 0 0 0 0.766044443118978 -1.5 -0.64278760968654 45 0 0 20 -20 10 0 -10 0 50 -5 -40 60 0 0 50 0 10 10 0 0 -50 20 20 5 0 0 0 0 0 0 0 0 0 -4 0 0 0 0 0 0 0 
-0.939692620785908 -2.4 0.342020143325669 360 10 -10 3 20 10 10 -20 -10 0 -30 0 0 0 0 0 0 0 -50 30 -10 0 50 0 0 0 0 0 0 0 0 0 10 0 0 5 50 0 0 0 0 0 0 0 0 -50 0 0 10 0 0 0 0 0 0.939692620785908 -2 -0.342020143325669 0 0 0 -5 30 -30 0 -50 0 -20 50 50 50 0 0 -50 10 10 50 0 0 50 10 10 10 0 0 0 0 0 0 0 0 0 -4 0 0 0 0 0 0 0 
-1 -1.8 0.000000000000000122464679914735 360 10 -10 3 20 10 5 -30 -10 0 -30 0 0 0 0 0 0 0 -50 30 -5 0 50 0 0 0 0 0 0 0 0 0 10 50 0 -5 -50 0 0 10 0 0 0 0 0 50 0 0 0 0 0 0 0 0 1 -2 0 0 0 0 50 -10 20 0 -10 0 30 -20 -50 10 0 0 50 -10 5 10 0 0 -50 20 -10 20 0 0 0 0 0 0 0 0 0 -4 0 0 0 0 0 0 0 
-0.939692620785908 -1.2 -0.342020143325669 360 10 -10 3 20 10 10 -40 -5 0 -30 0 0 0 0 0 0 0 -50 30 0 0 50 0 0 0 0 0 0 0 0 0 10 20 0 5 50 0 0 0 0 0 0 0 0 -50 0 0 10 0 0 0 0 0 0.939692620785908 -2 0.342020143325669 0 0 0 -20 20 -40 0 -30 0 -10 10 60 30 0 0 -50 -5 0 30 0 0 50 10 10 30 0 0 0 0 0 0 0 0 0 -4 0 0 0 0 0 0 0 
-0.766044443118978 -0.6 -0.642787609686539 360 10 -10 3 20 10 5 -50 0 0 -15 0 0 0 0 0 0 0 -50 30 5 0 50 0 0 0 0 0 0 0 0 0 10 0 0 -5 -50 0 10 10 0 0 0 0 0 50 0 0 0 0 0 0 0 0 0.766044443118978 -2 0.642787609686539 0 0 0 30 -5 50 0 -20 0 20 -20 10 20 0 0 50 0 5 70 0 0 -50 5 -10 10 0 0 0 0 0 0 0 0 0 -4 0 0 0 0 0 0 0 
-0.5 0 -0.866025403784438 360 10 -10 3 20 10 10 -60 5 0 0 0 0 0 0 0 0 0 -50 30 10 0 50 0 0 0 0 0 0 0 0 0 10 50 0 5 50 0 5 0 0 0 0 0 0 -50 0 -10 10 0 0 0 0 0 0.5 -2 0.866025403784439 0 0 0 -10 50 -50 0 -10 0 -5 30 -30 50 0 0 -50 10 10 60 0 0 50 0 20 50 0 0 0 0 0 0 0 0 0 -4 0 0 0 0 0 0 0 
-0.17364817766693 -0.6 -0.984807753012208 360 10 -10 3 20 10 5 -50 10 0 -15 0 0 0 0 0 0 0 -10 30 10 0 50 0 0 0 0 0 0 0 0 0 10 20 0 -5 -50 0 0 10 0 0 0 0 0 50 0 5 0 0 0 0 0 0 0.17364817766693 -2 0.984807753012208 0 0 0 20 -20 60 0 -50 0 50 -10 20 60 0 0 50 -10 10 20 0 0 -50 20 20 5 0 0 0 0 0 0 0 0 0 -4 0 0 0 0 0 0 0 
0.17364817766693 -1.2 -0.984807753012208 360 10 -10 3 20 10 10 -50 -10 0 -30 0 0 0 0 0 0 0 -20 30 10 0 50 0 0 0 0 0 0 0 0 0 10 0 0 5 50 0 0 0 0 0 0 0 0 -50 0 0 10 0 0 0 0 0 -0.17364817766693 -2 0.984807753012208 0 0 0 -5 30 10 0 -10 0 -20 20 -40 50 0 0 -50 -5 5 10 0 0 50 10 20 10 0 0 0 0 0 0 0 0 0 -4 0 0 0 0 0 0 0 
0.5 -1.8 -0.866025403784439 360 10 -10 3 20 10 5 -10 -10 0 -30 0 0 0 0 0 0 0 -30 30 10 0 10 0 0 0 0 0 0 0 0 0 10 50 0 -5 -50 0 0 10 0 0 0 0 0 50 0 0 0 0 0 0 0 0 -0.5 -2 0.866025403784439 0 0 0 50 -10 -30 0 -30 0 50 -5 -40 10 0 0 50 0 0 50 0 0 -50 20 20 20 0 0 0 0 0 0 0 0 0 -4 0 0 0 0 0 0 0 
0.766044443118978 -2.4 -0.64278760968654 360 10 -10 3 20 10 10 -20 -10 0 -30 0 0 0 0 0 0 0 -40 40 10 0 20 0 0 0 0 0 0 0 0 0 10 20 0 5 50 0 0 0 0 0 0 0 0 -50 0 0 10 0 0 0 0 0 -0.766044443118978 -2 0.642787609686539 0 0 0 -20 20 20 0 -20 0 -20 50 50 30 0 0 -50 10 5 10 0 0 50 10 20 30 0 0 0 0 0 0 0 0 0 -4 0 0 0 0 0 0 0 
0.939692620785908 -2.4 -0.342020143325669 360 10 -10 3 20 10 5 -30 -10 0 -30 0 0 0 0 0 0 0 -50 50 10 0 40 0 0 0 0 0 0 0 0 0 10 0 0 -5 -50 0 0 10 0 0 0 0 0 50 0 0 0 0 0 0 0 0 -0.939692620785908 -2 0.342020143325669 0 0 0 30 -5 -40 0 -10 0 30 -20 -50 20 0 0 50 -10 10 30 0 0 -50 5 20 10 0 0 0 0 0 0 0 0 0 -4 0 0 0 0 0 0 0 
1 -2.4 0 360 10 -10 3 20 10 10 -40 -5 0 -30 0 0 0 0 0 0 0 -40 60 -10 0 50 0 0 0 0 0 0 0 0 0 10 50 0 5 50 0 0 0 0 0 0 0 0 -50 0 0 10 0 0 0 0 0 -1 -2 0.000000000000000122464679914735 0 0 0 -10 50 50 0 -50 0 -10 10 60 50 0 0 -50 -5 10 70 0 0 50 0 20 50 0 0 0 0 0 0 0 0 0 -4 0 0 0 0 0 0 0 
0.939692620785908 -2.4 0.342020143325669 360 10 -10 3 20 10 5 -50 0 0 -30 0 0 0 0 0 0 0 -30 50 -5 0 60 0 0 0 0 0 0 0 0 0 10 20 0 -5 -50 0 0 10 0 0 0 0 0 50 0 0 0 0 0 0 0 0 -0.939692620785908 -2 -0.342020143325669 0 0 0 20 -20 -50 0 -10 0 20 -20 10 60 0 0 50 0 10 60 0 0 -50 20 10 5 0 0 0 0 0 0 0 0 0 -4 0 0 0 0 0 0 0 
0.766044443118978 -2.4 0.642787609686539 360 10 -10 3 20 10 10 -60 5 0 -30 0 0 0 0 0 0 0 -20 10 0 0 50 0 0 0 0 0 0 0 0 0 10 0 0 5 50 0 10 0 0 0 0 0 0 -50 0 0 10 0 0 0 0 0 -0.766044443118978 -2 -0.642787609686539 0 0 0 -5 10 60 0 -30 0 -5 30 -30 50 0 0 -50 10 10 20 0 0 50 10 -10 10 0 0 0 0 0 0 0 0 0 -4 0 0 0 0 0 0 0 
0.5 -2.4 0.866025403784439 360 10 -10 3 20 10 5 -50 10 0 -30 0 0 0 0 0 0 0 -10 20 5 0 50 0 0 0 0 0 0 0 0 0 10 50 0 -5 -50 0 5 10 0 0 0 0 0 50 0 0 0 0 0 0 0 0 -0.5 -2 -0.866025403784438 0 0 0 50 -20 10 0 -20 0 50 -10 20 10 0 0 50 -10 10 10 0 0 -50 20 10 20 0 0 0 0 0 0 0 0 0 -4 0 0 0 0 0 0 0 
0.17364817766693 -2.4 0.984807753012208 360 10 -10 3 20 10 10 -50 -10 0 -30 0 0 0 0 0 0 0 -50 30 10 0 10 0 0 0 0 0 0 0 0 0 10 20 0 5 50 0 0 0 0 0 0 0 0 -50 0 -10 10 0 0 0 0 0 -0.17364817766693 -2 -0.984807753012208 0 0 0 -20 30 -30 0 -10 0 -20 20 -40 30 0 0 -50 -5 10 50 0 0 50 10 -10 30 0 0 0 0 0 0 0 0 0 -4 0 0 0 0 0 0 0 
-0.17364817766693 -2.4 0.984807753012208 360 10 -10 3 20 10 5 -50 -10 0 -15 0 0 0 0 0 0 0 -50 30 10 0 20 0 0 0 0 0 0 0 0 0 10 0 0 -5 -50 0 0 10 0 0 0 0 0 50 0 5 0 0 0 0 0 0 0.17364817766693 -2 -0.984807753012208 0 0 0 30 -10 20 0 -50 0 50 -5 -40 20 0 0 50 0 5 10 0 0 -50 5 20 10 0 0 0 0 0 0 0 0 0 -4 0 0 0 0 0 0 0 
-0.5 -2.4 0.866025403784439 360 10 -10 3 20 10 10 -10 -10 0 0 0 0 0 0 0 0 0 -50 30 10 0 40 0 0 0 0 0 0 0 0 0 10 50 0 5 50 0 0 0 0 0 0 0 0 -50 0 0 10 0 0 0 0 0 0.5 -1.5 -0.866025403784439 0 0 0 -10 20 -40 0 -10 0 -20 50 50 50 0 0 -50 10 0 30 0 0 50 0 20 50 0 0 0 0 0 0 0 0 0 -4 0 0 0 0 0 0 0 
-0.766044443118978 -2.4 0.642787609686539 360 10 -10 3 20 10 5 -20 -10 0 -15 0 0 0 0 0 0 0 -50 30 10 0 50 0 0 0 0 0 0 0 0 0 10 20 0 -5 -50 0 0 10 0 0 0 0 0 50 0 0 0 0 0 0 0 0 0.766044443118978 -1 -0.64278760968654 0 0 0 20 -5 50 0 -30 0 30 -20 -50 60 0 0 50 -10 5 70 0 0 -50 20 20 5 0 0 0 0 0 0 0 0 0 -4 0 0 0 0 0 0 0 
-0.939692620785908 -2.4 0.342020143325669 360 10 -10 3 20 10 10 -30 -10 0 -30 0 0 0 0 0 0 0 -50 30 10 0 60 0 0 0 0 0 0 0 0 0 10 0 0 5 50 0 0 0 0 0 0 0 0 -50 0 0 10 0 0 0 0 0 0.939692620785908 -0.5 -0.342020143325669 0 0 0 -5 50 -50 0 -20 0 -10 10 60 50 0 0 -50 -5 10 60 0 0 50 10 20 10 0 0 0 0 0 0 0 0 0 -4 0 0 0 0 0 0 0 
-1 -2.4 0.000000000000000122464679914735 360 10 -10 3 20 10 5 -40 -10 0 -30 0 0 0 0 0 0 0 -50 30 10 0 50 0 0 0 0 0 0 0 0 0 10 50 0 -5 -50 0 0 10 0 0 0 0 0 50 0 0 0 0 0 0 0 0 1 0 0 0 0 0 50 -20 60 0 -10 0 20 -20 10 10 0 0 50 0 10 20 0 0 -50 20 20 20 0 0 0 0 0 0 0 0 0 -4 0 0 0 0 0 0 0 
-0.939692620785908 -2.4 -0.342020143325669 360 10 -10 3 20 10 10 -50 -10 0 -30 0 0 0 0 0 0 0 -50 30 10 0 50 0 0 0 0 0 0 0 0 0 10 20 0 5 50 0 0 0 0 0 0 0 0 -50 0 0 10 0 0 0 0 0 0.939692620785908 -0.5 0.342020143325669 0 0 0 -20 30 10 0 -50 0 -5 30 -30 30 0 0 -50 10 5 10 0 0 50 10 20 30 0 0 0 0 0 0 0 0 0 -4 0 0 0 0 0 0 0 
-0.766044443118978 -1.8 -0.642787609686539 360 55 -10 3 20 10 5 -60 -10 0 -30 0 0 0 0 0 0 0 -10 30 10 0 50 0 0 0 0 0 0 0 0 0 10 0 0 -5 -50 0 0 10 0 0 0 0 0 50 0 0 0 0 0 0 0 0 0.766044443118978 -1 0.642787609686539 0 0 0 30 -10 -30 0 -10 0 50 -10 20 20 0 0 50 -10 0 50 0 0 -50 5 20 10 0 0 0 0 0 0 0 0 0 -4 0 0 0 0 0 0 0 
-0.5 -1.2 -0.866025403784438 360 100 -10 3 20 10 10 -50 -5 0 -30 0 0 0 0 0 0 0 -20 30 10 0 50 0 0 0 0 0 0 0 0 0 10 50 0 5 50 0 0 0 0 0 0 0 0 -50 0 0 10 0 0 0 0 0 0.5 -1.5 0.866025403784439 0 0 0 -10 20 20 0 -30 0 -20 20 -40 50 0 0 -50 -5 5 10 0 0 50 0 10 50 0 0 0 0 0 0 0 0 0 -4 0 0 0 0 0 0 0 
-0.17364817766693 -0.6 -0.984807753012208 360 145 -10 3 20 10 5 -50 0 0 -30 0 0 0 0 0 0 0 -30 40 -10 0 50 0 0 0 0 0 0 0 0 0 10 20 0 -5 -50 0 10 10 0 0 0 0 0 50 0 -10 0 0 0 0 0 0 0.17364817766693 -2 0.984807753012208 0 0 0 20 -5 -40 0 -20 0 50 -5 -40 60 0 0 50 0 10 30 0 0 -50 20 -10 5 0 0 0 0 0 0 0 0 0 -4 0 0 0 0 0 0 0 
0.17364817766693 0 -0.984807753012208 360 190 -10 3 20 10 10 -50 5 0 -30 0 0 0 0 0 0 0 -40 50 -5 0 50 0 0 0 0 0 0 0 0 0 10 0 0 5 50 0 5 0 0 0 0 0 0 -50 0 5 10 0 0 0 0 0 -0.17364817766693 -2 0.984807753012208 0 0 0 -5 50 50 0 -10 0 -20 50 50 50 0 0 -50 10 10 70 0 0 50 10 10 10 0 0 0 0 0 0 0 0 0 -4 0 0 0 0 0 0 0 
0.5 -0.6 -0.866025403784439 360 235 -10 3 20 10 5 -10 10 0 -30 0 0 0 0 0 0 0 -50 60 0 0 10 0 0 0 0 0 0 0 0 0 10 50 0 -5 -50 0 0 10 0 0 0 0 0 50 0 0 0 0 0 0 0 0 -0.5 -2 0.866025403784439 0 0 0 50 -20 -50 0 -50 0 30 -20 -50 10 0 0 50 -10 10 60 0 0 -50 20 -10 20 0 0 0 0 0 0 0 0 0 -4 0 0 0 0 0 0 0 
0.766044443118978 -1.2 -0.64278760968654 360 280 -10 3 20 10 10 -20 -10 0 -30 0 0 0 0 0 0 0 -40 50 5 0 20 0 0 0 0 0 0 0 0 0 10 20 0 5 50 0 0 0 0 0 0 0 0 -50 0 0 10 0 0 0 0 0 -0.766044443118978 -2 0.642787609686539 0 0 0 -20 10 60 0 -10 0 -10 10 60 30 0 0 -50 -5 10 20 0 0 50 10 20 30 0 0 0 0 0 0 0 0 0 -4 0 0 0 0 0 0 0 
0.939692620785908 -1.8 -0.342020143325669 360 325 -10 3 20 10 5 -30 -10 0 -15 0 0 0 0 0 0 0 -30 10 10 0 40 0 0 0 0 0 0 0 0 0 10 0 0 -5 -50 0 0 10 0 0 0 0 0 50 0 0 0 0 0 0 0 0 -0.939692620785908 -2 0.342020143325669 0 0 0 30 -20 10 0 -30 0 20 -20 10 20 0 0 50 0 10 10 0 0 -50 5 20 10 0 0 0 0 0 0 0 0 0 -4 0 0 0 0 0 0 0 
1 -2.4 0 360 370 -10 3 20 10 10 -40 -10 0 0 0 0 0 0 0 0 0 -20 20 10 0 50 0 0 0 0 0 0 0 0 0 10 50 0 5 50 0 0 0 0 0 0 0 0 -50 0 0 10 0 0 0 0 0 -1 -2 0.000000000000000122464679914735 0 0 0 -10 30 -30 0 -20 0 -5 30 -30 50 0 0 -50 10 10 50 0 0 50 0 20 50 0 0 0 0 0 0 0 0 0 -4 0 0 0 0 0 0 0 
0.939692620785908 -2.4 0.342020143325669 360 370 -10 3 20 10 5 -50 -10 0 -15 0 0 0 0 0 0 0 -10 30 10 0 60 0 0 0 0 0 0 0 0 0 10 20 0 -5 -50 0 0 10 0 0 0 0 0 50 0 0 0 0 0 0 0 0 -0.939692620785908 -2 -0.342020143325669 0 0 0 20 -10 20 0 -10 0 50 -10 20 60 0 0 50 -10 5 10 0 0 -50 20 20 5 0 0 0 0 0 0 0 0 0 -4 0 0 0 0 0 0 0 
0.766044443118978 -2.4 0.642787609686539 360 370 -10 3 20 10 10 -60 -10 0 -30 0 0 0 0 0 0 0 -50 30 10 0 50 0 0 0 0 0 0 0 0 0 10 0 0 5 50 0 0 0 0 0 0 0 0 -50 0 0 10 0 0 0 0 0 -0.766044443118978 -2 -0.642787609686539 0 0 0 -5 20 -40 0 -50 0 -20 20 -40 50 0 0 -50 -5 0 30 0 0 50 10 20 10 0 0 0 0 0 0 0 0 0 -4 0 0 0 0 0 0 0 
0.5 -2.4 0.866025403784439 360 370 -10 3 20 10 5 -50 -5 0 -30 0 0 0 0 0 0 0 -50 40 10 0 50 0 0 0 0 0 0 0 0 0 10 50 0 -5 -50 0 0 10 0 0 0 0 0 50 0 0 0 0 0 0 0 0 -0.5 -2 -0.866025403784438 0 0 0 50 -5 50 0 -10 0 50 -5 -40 10 0 0 50 0 5 70 0 0 -50 20 20 20 0 0 0 0 0 0 0 0 0 -4 0 0 0 0 0 0 0 
0.17364817766693 -2.4 0.984807753012208 360 370 -10 3 20 10 10 -50 0 0 -30 0 0 0 0 0 0 0 -50 50 10 0 50 0 0 0 0 0 0 0 0 0 10 20 0 5 50 0 10 0 0 0 0 0 0 -50 0 0 10 0 0 0 0 0 -0.17364817766693 -2 -0.984807753012208 0 45 0 -20 50 -50 0 -30 0 -20 50 50 30 0 0 -50 10 10 60 0 0 50 10 20 30 0 0 0 0 0 0 0 0 0 -4 0 0 0 0 0 0 0 
-0.17364817766693 -2.4 0.984807753012208 360 370 -10 3 20 10 5 -10 5 0 -30 0 0 0 0 0 0 0 -50 60 10 0 50 0 0 0 0 0 0 0 0 0 10 0 0 -5 -50 0 5 10 0 0 0 0 0 50 0 0 0 0 0 0 0 0 0.17364817766693 -1.5 -0.984807753012208 0 90 0 30 -20 60 0 -20 0 30 -20 -50 20 0 0 50 -10 10 20 0 0 -50 5 10 10 0 0 0 0 0 0 0 0 0 -4 0 0 0 0 0 0 0 
-0.5 -2.4 0.866025403784439 360 370 -10 3 20 10 10 -20 10 0 -30 0 0 0 0 0 0 0 -50 50 10 0 50 0 0 0 0 0 0 0 0 0 10 50 0 5 50 0 0 0 0 0 0 0 0 -50 0 -10 10 0 0 0 0 0 0.5 -1 -0.866025403784439 0 135 0 -10 30 10 0 -10 0 -10 10 60 50 0 0 -50 -5 5 10 0 0 50 0 -10 50 0 0 0 0 0 0 0 0 0 -4 0 0 0 0 0 0 0 
-0.766044443118978 -2.4 0.642787609686539 360 370 -10 3 20 10 5 -30 -10 0 -15 0 0 0 0 0 0 0 -10 10 10 0 10 0 0 0 0 0 0 0 0 0 10 20 0 -5 -50 0 0 10 0 0 0 0 0 50 0 5 0 0 0 0 0 0 0.766044443118978 -0.5 -0.64278760968654 0 180 0 20 -10 -30 0 -50 0 20 -20 10 60 0 0 50 0 0 50 0 0 -50 20 10 5 0 0 0 0 0 0 0 0 0 -4 0 0 0 0 0 0 0 
-0.939692620785908 -2.4 0.342020143325669 360 370 -10 3 20 10 10 -40 -10 0 0 0 0 0 0 0 0 0 -20 20 -10 0 20 0 0 0 0 0 0 0 0 0 10 0 0 5 50 0 0 0 0 0 0 0 0 -50 0 0 10 0 0 0 0 0 0.939692620785908 0 -0.342020143325669 0 225 0 -5 20 20 0 -10 0 -5 30 -30 50 0 0 -50 10 5 10 0 0 50 10 -10 10 0 0 0 0 0 0 0 0 0 -4 0 0 0 0 0 0 0 
-1 -2.4 0.000000000000000122464679914735 360 370 -10 3 20 10 5 -50 -10 0 -15 0 0 0 0 0 0 0 -30 30 -5 0 40 0 0 0 0 0 0 0 0 0 10 50 0 -5 -50 0 0 10 0 0 0 0 0 50 0 0 0 0 0 0 0 0 1 -0.5 0 0 270 0 50 -5 -40 0 -30 0 50 -10 20 10 0 0 50 -10 10 30 0 0 -50 20 20 20 0 0 0 0 0 0 0 0 0 -4 0 0 0 0 0 0 0 
-0.939692620785908 -2.4 -0.342020143325669 360 370 -10 3 20 10 10 -60 -10 0 -30 0 0 0 0 0 0 0 -40 30 0 0 50 0 0 0 0 0 0 0 0 0 10 20 0 5 50 0 0 0 0 0 0 0 0 -50 0 0 10 0 0 0 0 0 0.939692620785908 -1 0.342020143325669 0 315 0 -20 50 50 0 -20 0 -20 20 -40 30 0 0 -50 -5 10 70 0 0 50 10 20 30 0 0 0 0 0 0 0 0 0 -4 0 0 0 0 0 0 0 
-0.766044443118978 -2.4 -0.642787609686539 360 370 -10 3 20 10 5 -50 -10 0 -30 0 0 0 0 0 0 0 -50 40 5 0 60 0 0 0 0 0 0 0 0 0 10 0 0 -5 -50 0 0 10 0 0 0 0 0 50 0 0 0 0 0 0 0 0 0.766044443118978 -1.5 0.642787609686539 0 360 0 30 -20 -50 0 -10 0 50 -5 -40 20 0 0 50 0 10 60 0 0 -50 5 20 10 0 0 0 0 0 0 0 0 0 -4 0 0 0 0 0 0 0 
-0.5 -2.4 -0.866025403784438 360 370 -10 3 20 10 10 -50 -5 0 -30 0 0 0 0 0 0 0 -40 50 10 0 50 0 0 0 0 0 0 0 0 0 10 50 0 5 50 0 0 0 0 0 0 0 0 -50 0 0 10 0 0 0 0 0 0.5 -2 0.866025403784439 0 360 0 -10 10 60 0 -50 0 -20 50 50 50 0 0 -50 10 10 20 0 0 50 0 20 50 0 0 0 0 0 0 0 0 0 -4 0 0 0 0 0 0 0 
-0.17364817766693 -1.8 -0.984807753012208 360 370 -10 3 20 10 5 -50 0 0 -15 0 0 0 0 0 0 0 -30 60 10 0 50 0 0 0 0 0 0 0 0 0 10 20 0 -5 -50 0 10 10 0 0 0 0 0 50 0 0 0 0 0 0 0 0 0.17364817766693 -2 0.984807753012208 0 360 0 20 -20 10 0 -10 0 30 -20 -50 60 0 0 50 -10 10 10 0 0 -50 20 20 5 0 0 0 0 0 0 0 0 0 -4 0 0 0 0 0 0 0 
0.17364817766693 -1.2 -0.984807753012208 360 370 -10 3 20 10 10 -10 5 0 0 0 0 0 0 0 0 0 -20 50 10 0 50 0 0 0 0 0 0 0 0 0 10 0 0 5 50 0 5 0 0 0 0 0 0 -50 0 0 10 0 0 0 0 0 -0.17364817766693 -2 0.984807753012208 0 360 0 -5 30 -30 0 -30 0 -10 10 60 50 0 0 -50 -5 10 50 0 0 50 10 20 10 0 0 0 0 0 0 0 0 0 -4 0 0 0 0 0 0 0 
0.5 -0.6 -0.866025403784439 360 370 -10 3 20 10 5 -20 10 0 -15 0 0 0 0 0 0 0 -10 10 10 0 50 0 0 0 0 0 0 0 0 0 10 50 0 -5 -50 0 0 10 0 0 0 0 0 50 0 0 0 0 0 0 0 0 -0.5 -2 0.866025403784439 0 360 0 50 -10 20 0 -20 0 20 -20 10 10 0 0 50 0 5 10 0 0 -50 20 20 20 0 0 0 0 0 0 0 0 0 -4 0 0 0 0 0 0 0 
0.766044443118978 0 -0.64278760968654 360 370 -10 3 20 10 10 -30 -10 0 -30 0 0 0 0 0 0 0 -50 20 10 0 50 0 0 0 0 0 0 0 0 0 10 20 0 5 50 0 0 0 0 0 0 0 0 -50 0 -10 10 0 0 0 0 0 -0.766044443118978 -2 0.642787609686539 0 360 0 -20 20 -40 0 -10 0 -5 30 -30 30 0 0 -50 10 0 30 0 0 50 10 10 30 0 0 0 0 0 0 0 0 0 -4 0 0 0 0 0 0 0 
0.939692620785908 -0.6 -0.342020143325669 360 370 -10 3 20 10 5 -40 -10 0 -30 0 0 0 0 0 0 0 -50 30 10 0 50 0 0 0 0 0 0 0 0 0 10 0 0 -5 -50 0 0 10 0 0 0 0 0 50 0 5 0 0 0 0 0 0 -0.939692620785908 -2 0.342020143325669 0 360 0 30 -5 50 0 -50 0 50 -10 20 20 0 0 50 -10 5 70 0 0 -50 5 -10 10 0 0 0 0 0 0 0 0 0 -4 0 0 0 0 0 0 0 
1 -1.2 0 360 370 -10 3 20 10 10 -50 -10 0 -30 0 0 0 0 0 0 0 -50 30 10 0 10 0 0 0 0 0 0 0 0 0 10 50 0 5 50 0 0 0 0 0 0 0 0 -50 0 0 10 0 0 0 0 0 -1 -2 0.000000000000000122464679914735 0 360 0 -10 50 -50 0 -10 0 -20 20 -40 50 0 0 -50 -5 10 60 0 0 50 0 10 50 0 0 0 0 0 0 0 0 0 -4 0 0 0 0 0 0 0 
0.939692620785908 -1.8 0.342020143325669 360 370 -10 3 20 10 5 -60 -10 0 -30 0 0 0 0 0 0 0 -50 30 10 0 20 0 0 0 0 0 0 0 0 0 10 20 0 -5 -50 0 0 10 0 0 0 0 0 50 0 0 0 0 0 0 0 0 -0.939692620785908 -2 -0.342020143325669 0 360 0 20 -20 60 0 -30 0 50 -5 -40 60 0 0 50 0 10 20 0 0 -50 20 -10 5 0 0 0 0 0 0 0 0 0 -4 0 0 0 0 0 0 0 
0.766044443118978 -2.4 0.642787609686539 360 370 -10 3 20 10 10 -50 -10 0 -30 0 0 0 0 0 0 0 -50 30 -10 0 40 0 0 0 0 0 0 0 0 0 10 0 0 5 50 0 0 0 0 0 0 0 0 -50 0 0 10 0 0 0 0 0 -0.766044443118978 -2 -0.642787609686539 0 360 0 -5 30 10 0 -20 0 -20 50 50 50 0 0 -50 10 5 10 0 0 50 10 20 10 0 0 0 0 0 0 0 0 0 -4 0 0 0 0 0 0 0 
0.5 -2.4 0.866025403784439 360 370 -10 3 20 10 5 -50 -10 0 -30 0 0 0 0 0 0 0 -50 30 -5 0 50 0 0 0 0 0 0 0 0 0 10 50 0 -5 -50 0 0 10 0 0 0 0 0 50 0 0 0 0 0 0 0 0 -0.5 -2 -0.866025403784438 0 360 0 50 -10 -30 0 -10 0 30 -20 -50 10 0 0 50 -10 0 50 0 0 -50 20 20 20 0 0 0 0 0 0 0 0 0 -4 0 0 0 0 0 0 0 
0.17364817766693 -2.4 0.984807753012208 360 370 -10 3 20 10 10 -10 -10 0 -30 0 0 0 0 0 0 0 -10 40 0 0 60 0 0 0 0 0 0 0 0 0 10 20 0 5 50 0 0 0 0 0 0 0 0 -50 0 0 10 0 0 0 0 0 -0.17364817766693 -1.5 -0.984807753012208 0 360 0 -20 20 20 0 -50 0 -10 10 60 30 0 0 -50 -5 5 10 0 0 50 10 20 30 0 0 0 0 0 0 0 0 0 -4 0 0 0 0 0 0 0 
-0.17364817766693 -2.4 0.984807753012208 360 370 -10 3 20 10 5 -20 -10 0 -15 0 0 0 0 0 0 0 -20 50 5 0 50 0 0 0 0 0 0 0 0 0 10 0 0 -5 -50 0 10 10 0 0 0 0 0 50 0 0 0 0 0 0 0 0 0.17364817766693 -1 -0.984807753012208 0 360 0 30 -5 -40 0 -10 0 20 -20 10 20 0 0 50 0 10 30 0 0 -50 5 20 10 0 0 0 0 0 0 0 0 0 -4 0 0 0 0 0 0 0 
-0.5 -2.4 0.866025403784439 360 370 -10 3 20 10 10 -30 -5 0 0 0 0 0 0 0 0 0 -30 60 10 0 50 0 0 0 0 0 0 0 0 0 10 50 0 5 50 0 5 0 0 0 0 0 0 -50 0 0 10 0 0 0 0 0 0.5 -0.5 -0.866025403784439 0 360 0 -10 50 50 0 -30 0 -5 30 -30 50 0 0 -50 10 10 70 0 0 50 0 20 50 0 0 0 0 0 0 0 0 0 -4 0 0 0 0 0 0 0 
-0.766044443118978 -2.4 0.642787609686539 360 370 -10 3 20 10 5 -40 0 0 -15 0 0 0 0 0 0 0 -40 50 10 0 50 0 0 0 0 0 0 0 0 0 10 20 0 -5 -50 0 0 10 0 0 0 0 0 50 0 -10 0 0 0 0 0 0 0.766044443118978 0 -0.64278760968654 0 360 0 20 -20 -50 0 -20 0 50 -10 20 60 0 0 50 -10 10 60 0 0 -50 20 20 5 0 0 0 0 0 0 0 0 0 -4 0 0 0 0 0 0 0 
-0.939692620785908 -2.4 0.342020143325669 360 370 -10 3 20 10 10 -50 5 0 -30 0 0 0 0 0 0 0 -50 10 10 0 50 0 0 0 0 0 0 0 0 0 10 0 0 5 50 0 0 0 0 0 0 0 0 -50 0 5 10 0 0 0 0 0 0.939692620785908 -0.5 -0.342020143325669 0 360 0 -5 10 60 0 -10 0 -20 20 -40 50 0 0 -50 -5 10 20 0 0 50 10 20 10 0 0 0 0 0 0 0 0 0 -4 0 0 0 0 0 0 0 
-1 -2.4 0.000000000000000122464679914735 360 370 -10 3 20 10 5 -60 10 0 -30 0 0 0 0 0 0 0 -40 20 10 0 10 0 0 0 0 0 0 0 0 0 10 50 0 -5 -50 0 0 10 0 0 0 0 0 50 0 0 0 0 0 0 0 0 1 -1 0 0 360 0 50 -20 10 0 -50 0 50 -5 -40 10 0 0 50 0 10 10 0 0 -50 20 10 20 0 0 0 0 0 0 0 0 0 -4 0 0 0 0 0 0 0 
-0.939692620785908 -2.4 -0.342020143325669 360 370 -10 3 20 10 10 -50 -10 0 -30 0 0 0 0 0 0 0 -30 30 10 0 20 0 0 0 0 0 0 0 0 0 10 20 0 5 50 0 0 0 0 0 0 0 0 -50 0 0 10 0 0 0 0 0 0.939692620785908 -1.5 0.342020143325669 0 360 0 -20 30 -30 0 -10 0 -20 50 50 30 0 0 -50 10 10 50 0 0 50 10 -10 30 0 0 0 0 0 0 0 0 0 -4 0 0 0 0 0 0 0 
-0.766044443118978 -2.4 -0.642787609686539 360 370 -10 3 20 10 5 -50 -10 0 -30 0 0 0 0 0 0 0 -20 30 10 0 40 0 0 0 0 0 0 0 0 0 10 0 0 -5 -50 0 0 10 0 0 0 0 0 50 0 0 0 0 0 0 0 0 0.766044443118978 -2 0.642787609686539 0 360 0 30 -10 20 0 -30 0 30 -20 -50 20 0 0 50 -10 5 10 0 0 -50 5 10 10 0 0 0 0 0 0 0 0 0 -4 0 0 0 0 0 0 0 
-0.5 -2.4 -0.866025403784438 360 370 -10 3 20 10 10 -50 -10 0 -30 0 0 0 0 0 0 0 -10 30 10 0 50 0 0 0 0 0 0 0 0 0 10 50 0 5 50 0 0 0 0 0 0 0 0 -50 0 0 10 0 0 0 0 0 0.5 -2 0.866025403784439 0 360 0 -10 20 -40 0 -20 0 -10 10 60 50 0 0 -50 -5 0 30 0 0 50 0 -10 50 0 0 0 0 0 0 0 0 0 -4 0 0 0 0 0 0 0 
-0.17364817766693 -2.4 -0.984807753012208 360 370 -10 3 20 10 5 -50 -10 0 -30 0 0 0 0 0 0 0 -50 40 -10 0 60 0 0 0 0 0 0 0 0 0 10 20 0 -5 -50 0 0 10 0 0 0 0 0 50 0 0 0 0 0 0 0 0 0.17364817766693 -2 0.984807753012208 0 360 0 20 -5 50 0 -10 0 20 -20 10 60 0 0 50 0 5 70 0 0 -50 20 20 5 0 0 0 0 0 0 0 0 0 -4 0 0 0 0 0 0 0 
0.17364817766693 -2.4 -0.984807753012208 360 370 -10 3 20 10 10 -50 -10 0 -30 0 0 0 0 0 0 0 -50 50 -5 0 50 0 0 0 0 0 0 0 0 0 10 0 0 5 50 0 0 0 0 0 0 0 0 -50 0 0 10 0 0 0 0 0 -0.17364817766693 -2 0.984807753012208 0 360 0 -5 50 -50 0 -50 0 -5 30 -30 50 0 0 -50 10 10 60 0 0 50 10 20 10 0 0 0 0 0 0 0 0 0 -4 0 0 0 0 0 0 0 
0.5 -2.4 -0.866025403784439 360 370 -10 3 20 10 5 -10 -10 0 -30 0 0 0 0 0 0 0 -50 60 0 0 50 0 0 0 0 0 0 0 0 0 10 50 0 -5 -50 0 0 10 0 0 0 0 0 50 0 -10 0 0 0 0 0 0 -0.5 -2 0.866025403784439 0 360 0 50 -20 60 0 -10 0 50 -10 20 10 0 0 50 -10 10 20 0 0 -50 20 20 20 0 0 0 0 0 0 0 0 0 -4 0 0 0 0 0 0 0 
0.766044443118978 -1.8 -0.64278760968654 315 370 -10 3 20 10 10 -20 -10 0 -30 0 0 0 0 0 0 0 -50 50 5 0 50 0 0 0 0 0 0 0 0 0 10 20 0 5 50 0 10 0 0 0 0 0 0 -50 0 5 10 0 0 0 0 0 -0.766044443118978 -2 0.642787609686539 0 360 0 -20 30 10 0 -30 0 -20 20 -40 30 0 0 -50 -5 5 10 0 0 50 10 20 30 0 0 0 0 0 0 0 0 0 -4 0 0 0 0 0 0 0 
0.939692620785908 -1.2 -0.342020143325669 270 370 -10 3 20 10 5 -30 -10 0 -30 0 0 0 0 0 0 0 -50 10 10 0 50 0 0 0 0 0 0 0 0 0 10 0 0 -5 -50 0 5 10 0 0 0 0 0 50 0 0 0 0 0 0 0 0 -0.939692620785908 -2 0.342020143325669 0 360 0 30 -10 -30 0 -20 0 50 -5 -40 20 0 0 50 0 0 50 0 0 -50 5 20 10 0 0 0 0 0 0 0 0 0 -4 0 0 0 0 0 0 0 
1 -0.6 0 225 370 -10 3 20 10 10 -40 -10 0 -30 0 0 0 0 0 0 0 -50 20 10 0 10 0 0 0 0 0 0 0 0 0 10 50 0 5 50 0 0 0 0 0 0 0 0 -50 0 0 10 0 0 0 0 0 -1 -2 0.000000000000000122464679914735 0 360 0 -10 20 20 0 -10 0 -20 50 50 50 0 0 -50 10 5 10 0 0 50 0 20 50 0 0 0 0 0 0 0 0 0 -4 0 0 0 0 0 0 0 
0.939692620785908 0 0.342020143325669 180 370 -10 3 20 10 5 -50 -5 0 -15 0 0 0 0 0 0 0 -50 30 10 0 20 0 0 0 0 0 0 0 0 0 10 20 0 -5 -50 0 0 10 0 0 0 0 0 50 0 0 0 0 0 0 0 0 -0.939692620785908 -2 -0.342020143325669 0 360 0 20 -5 -40 0 -50 0 30 -20 -50 60 0 0 50 -10 10 30 0 0 -50 20 20 5 0 0 0 0 0 0 0 0 0 -4 0 0 0 0 0 0 0 
0.766044443118978 -0.6 0.642787609686539 135 370 -10 3 20 10 10 -60 0 0 0 0 0 0 0 0 0 0 -50 30 10 0 40 0 0 0 0 0 0 0 0 0 10 0 0 5 50 0 0 0 0 0 0 0 0 -50 0 0 10 0 0 0 0 0 -0.766044443118978 -1.5 -0.642787609686539 0 360 0 -5 50 50 0 -10 0 -10 10 60 50 0 0 -50 -5 10 70 0 0 50 10 10 10 0 0 0 0 0 0 0 0 0 -4 0 0 0 0 0 0 0 
0.5 -1.2 0.866025403784439 90 370 -10 3 20 10 5 -50 5 0 -15 0 0 0 0 0 0 0 -50 30 10 0 50 0 0 0 0 0 0 0 0 0 10 50 0 -5 -50 0 0 10 0 0 0 0 0 50 0 0 0 0 0 0 0 0 -0.5 -1 -0.866025403784438 0 360 0 50 -20 -50 0 -30 0 20 -20 10 10 0 0 50 0 10 60 0 0 -50 20 -10 20 0 0 0 0 0 0 0 0 0 -4 0 0 0 0 0 0 0 
0.17364817766693 -1.8 0.984807753012208 45 370 -10 3 20 10 10 -50 10 0 -30 0 0 0 0 0 0 0 -10 40 10 0 60 0 0 0 0 0 0 0 0 0 10 20 0 5 50 0 0 0 0 0 0 0 0 -50 0 0 10 0 0 0 0 0 -0.17364817766693 -0.5 -0.984807753012208 0 360 0 -20 10 60 0 -20 0 -5 30 -30 30 0 0 -50 10 10 20 0 0 50 10 10 30 0 0 0 0 0 0 0 0 0 -4 0 0 0 0 0 0 0 
-0.17364817766693 -2.4 0.984807753012208 0 370 -10 3 20 10 5 -50 -10 0 -30 0 0 0 0 0 0 0 -20 50 10 0 50 0 0 0 0 0 0 0 0 0 10 0 0 -5 -50 0 0 10 0 0 0 0 0 50 0 -10 0 0 0 0 0 0 0.17364817766693 0 -0.984807753012208 0 360 0 30 -20 10 0 -10 0 50 -10 20 20 0 0 50 -10 10 10 0 0 -50 5 -10 10 0 0 0 0 0 0 0 0 0 -4 0 0 0 0 0 0 0 
-0.5 -2.4 0.866025403784439 0 370 -10 3 20 10 10 -50 -10 0 -30 0 0 0 0 0 0 0 -30 60 10 0 50 0 0 0 0 0 0 0 0 0 10 50 0 5 50 0 0 0 0 0 0 0 0 -50 0 5 10 0 0 0 0 0 0.5 -0.5 -0.866025403784439 0 360 0 -10 30 -30 0 -50 0 -20 20 -40 50 0 0 -50 -5 10 50 0 0 50 0 20 50 0 0 0 0 0 0 0 0 0 -4 0 0 0 0 0 0 0 
-0.766044443118978 -2.4 0.642787609686539 0 370 -10 3 20 10 5 -50 -10 0 -30 0 0 0 0 0 0 0 -40 50 10 0 10 0 0 0 0 0 0 0 0 0 10 20 0 -5 -50 0 0 10 0 0 0 0 0 50 0 0 0 0 0 0 0 0 0.766044443118978 -1 -0.64278760968654 0 360 0 20 -10 20 0 -10 0 50 -5 -40 60 0 0 50 0 5 10 0 0 -50 20 20 5 0 0 0 0 0 0 0 0 0 -4 0 0 0 0 0 0 0 
-0.939692620785908 -2.4 0.342020143325669 0 370 -10 3 20 10 10 -50 -10 0 -30 0 0 0 0 0 0 0 -50 10 -10 0 20 0 0 0 0 0 0 0 0 0 10 0 0 5 50 0 10 0 0 0 0 0 0 -50 0 0 10 0 0 0 0 0 0.939692620785908 -1.5 -0.342020143325669 0 360 0 -5 20 -40 0 -30 0 -20 50 50 50 0 0 -50 10 0 30 0 0 50 10 20 10 0 0 0 0 0 0 0 0 0 -4 0 0 0 0 0 0 0 
-1 -2.4 0.000000000000000122464679914735 0 370 -10 3 20 10 5 -10 -10 0 -30 0 0 0 0 0 0 0 -40 20 -5 0 40 0 0 0 0 0 0 0 0 0 10 50 0 -5 -50 0 5 10 0 0 0 0 0 50 0 0 0 0 0 0 0 0 1 -2 0 0 360 0 50 -5 50 0 -20 0 30 -20 -50 10 0 0 50 -10 5 70 0 0 -50 20 20 20 0 0 0 0 0 0 0 0 0 -4 0 0 0 0 0 0 0 
-0.939692620785908 -2.4 -0.342020143325669 0 370 -10 3 20 10 10 -20 -10 0 -30 0 0 0 0 0 0 0 -30 30 0 0 50 0 0 0 0 0 0 0 0 0 10 20 0 5 50 0 0 0 0 0 0 0 0 -50 0 0 10 0 0 0 0 0 0.939692620785908 -2 0.342020143325669 0 360 0 -20 50 -50 0 -10 0 -10 10 60 30 0 0 -50 -5 10 60 0 0 50 10 20 30 0 0 0 0 0 0 0 0 0 -4 0 0 0 0 0 0 0 
-0.766044443118978 -2.4 -0.642787609686539 0 370 -10 3 20 10 5 -30 -10 0 -15 0 0 0 0 0 0 0 -20 30 5 0 60 0 0 0 0 0 0 0 0 0 10 0 0 -5 -50 0 0 10 0 0 0 0 0 50 0 -10 0 0 0 0 0 0 0.766044443118978 -2 0.642787609686539 0 360 0 30 -20 60 0 -50 0 20 -20 10 20 0 0 50 0 10 20 0 0 -50 5 20 10 0 0 0 0 0 0 0 0 0 -4 0 0 0 0 0 0 0 
-0.5 -2.4 -0.866025403784438 0 370 -10 3 20 10 10 -40 -5 0 0 0 0 0 0 0 0 0 -10 30 10 0 50 0 0 0 0 0 0 0 0 0 10 50 0 5 50 0 0 0 0 0 0 0 0 -50 0 5 10 0 0 0 0 0 0.5 -2 0.866025403784439 0 360 0 -10 10 10 0 -10 0 -5 30 -30 50 0 0 -50 10 5 10 0 0 50 0 20 50 0 0 0 0 0 0 0 0 0 -4 0 0 0 0 0 0 0 
-0.17364817766693 -2.4 -0.984807753012208 0 370 -10 3 20 10 5 -50 0 0 -15 0 0 0 0 0 0 0 -50 30 10 0 50 0 0 0 0 0 0 0 0 0 10 20 0 -5 -50 0 0 10 0 0 0 0 0 50 0 0 0 0 0 0 0 0 0.17364817766693 -2 0.984807753012208 0 360 0 20 10 -30 0 -30 0 50 -10 20 60 0 0 50 -10 0 50 0 0 -50 20 10 5 0 0 0 0 0 0 0 0 0 -4 0 0 0 0 0 0 0 
0.17364817766693 -2.4 -0.984807753012208 0 370 -10 3 20 10 10 -60 5 0 -30 0 0 0 0 0 0 0 -50 30 10 0 50 0 0 0 0 0 0 0 0 0 10 0 0 5 50 0 0 0 0 0 0 0 0 60 0 0 10 0 0 0 0 0 -0.17364817766693 -2 0.984807753012208 0 360 0 -5 10 20 0 -20 0 -20 20 -40 50 0 0 -50 -5 5 10 0 0 50 10 -10 10 0 0 0 0 0 0 0 0 0 -4 0 0 0 0 0 0 0 